================================================================================
OSCILAČNÍ VLNY - Verifikační výstup
================================================================================

VSTUPNÍ PARAMETRY (z vypocet.txt):
--------------------------------------------------------------------------------
  s          =     0.110000
  s_b        =     1.000000
  b_0        =     1.000000
  r_a        =     0.100000
  b_a        =     0.010000
  a_0        =     0.500000
  t_max      =   100.000000
  dt         =     0.500000

ODVOZENÉ VELIČINY:
--------------------------------------------------------------------------------
  k (s/(s_b+b₀))       =     0.055000
  D (r_a² - 4kb_a)     =     0.007800
  √D                    =     0.088318
  a₁* (dolní rovnováha) =     0.106204
  a₂* (horní rovnováha) =     1.711978
  λ = k(a₂*-a₁*)        =     0.088318
  C₀ = (a₀-a₁*)/(a₀-a₂*)=    -0.324920

ANALYTICKÉ ŘEŠENÍ:
--------------------------------------------------------------------------------
  a(t) = (a₁* - a₂*·C₀·exp(λt)) / (1 - C₀·exp(λt))
  (viz vypocet.txt řádky 250-261)

ČASOVÝ PRŮBĚH:
--------------------------------------------------------------------------------
         t             a(t)            da/dt
--------------------------------------------------------------------------------
     0.000       0.50000000  -2.62500000e-02
     0.500       0.51327216  -2.68375587e-02
     1.000       0.52683638  -2.74180265e-02
     1.500       0.54068876  -2.79899374e-02
     2.000       0.55482464  -2.85517930e-02
     2.500       0.56923862  -2.91020686e-02
     3.000       0.58392452  -2.96392205e-02
     3.500       0.59887539  -3.01616938e-02
     4.000       0.61408351  -3.06679303e-02
     4.500       0.62954036  -3.11563774e-02
     5.000       0.64523666  -3.16254970e-02
     5.500       0.66116238  -3.20737749e-02
     6.000       0.67730672  -3.24997303e-02
     6.500       0.69365815  -3.29019254e-02
     7.000       0.71020445  -3.32789752e-02
     7.500       0.72693271  -3.36295570e-02
     8.000       0.74382939  -3.39524201e-02
     8.500       0.76088032  -3.42463946e-02
     9.000       0.77807079  -3.45104005e-02
     9.500       0.79538556  -3.47434556e-02
    10.000       0.81280894  -3.49446835e-02
    10.500       0.83032481  -3.51133201e-02
    11.000       0.84791672  -3.52487200e-02
    11.500       0.86556790  -3.53503616e-02
    12.000       0.88326139  -3.54178514e-02
    12.500       0.90098002  -3.54509272e-02
    13.000       0.91870656  -3.54494601e-02
    13.500       0.93642372  -3.54134559e-02
    14.000       0.95411428  -3.53430547e-02
    14.500       0.97176109  -3.52385301e-02
    15.000       0.98934719  -3.51002866e-02
    15.500       1.00685584  -3.49288564e-02
    16.000       1.02427062  -3.47248953e-02
    16.500       1.04157545  -3.44891771e-02
    17.000       1.05875465  -3.42225874e-02
    17.500       1.07579305  -3.39261172e-02
    18.000       1.09267597  -3.36008543e-02
    18.500       1.10938930  -3.32479759e-02
    19.000       1.12591955  -3.28687391e-02
    19.500       1.14225387  -3.24644723e-02
    20.000       1.15838009  -3.20365653e-02
    20.500       1.17428674  -3.15864600e-02
    21.000       1.18996309  -3.11156403e-02
    21.500       1.20539918  -3.06256230e-02
    22.000       1.22058577  -3.01179477e-02
    22.500       1.23551444  -2.95941677e-02
    23.000       1.25017752  -2.90558414e-02
    23.500       1.26456812  -2.85045230e-02
    24.000       1.27868013  -2.79417548e-02
    24.500       1.29250822  -2.73690597e-02
    25.000       1.30604779  -2.67879335e-02
    25.500       1.31929499  -2.61998391e-02
    26.000       1.33224670  -2.56062001e-02
    26.500       1.34490050  -2.50083957e-02
    27.000       1.35725463  -2.44077561e-02
    27.500       1.36930799  -2.38055584e-02
    28.000       1.38106013  -2.32030236e-02
    28.500       1.39251115  -2.26013131e-02
    29.000       1.40366176  -2.20015274e-02
    29.500       1.41451318  -2.14047037e-02
    30.000       1.42506712  -2.08118156e-02
    30.500       1.43532580  -2.02237717e-02
    31.000       1.44529184  -1.96414162e-02
    31.500       1.45496829  -1.90655289e-02
    32.000       1.46435857  -1.84968259e-02
    32.500       1.47346643  -1.79359606e-02
    33.000       1.48229593  -1.73835254e-02
    33.500       1.49085145  -1.68400528e-02
    34.000       1.49913756  -1.63060176e-02
    34.500       1.50715911  -1.57818392e-02
    35.000       1.51492110  -1.52678831e-02
    35.500       1.52242875  -1.47644639e-02
    36.000       1.52968737  -1.42718474e-02
    36.500       1.53670243  -1.37902533e-02
    37.000       1.54347949  -1.33198576e-02
    37.500       1.55002418  -1.28607955e-02
    38.000       1.55634219  -1.24131634e-02
    38.500       1.56243926  -1.19770220e-02
    39.000       1.56832113  -1.15523988e-02
    39.500       1.57399357  -1.11392900e-02
    40.000       1.57946233  -1.07376638e-02
    40.500       1.58473314  -1.03474620e-02
    41.000       1.58981169  -9.96860267e-03
    41.500       1.59470362  -9.60098221e-03
    42.000       1.59941452  -9.24447745e-03
    42.500       1.60394992  -8.89894764e-03
    43.000       1.60831527  -8.56423634e-03
    43.500       1.61251594  -8.24017323e-03
    44.000       1.61655719  -7.92657578e-03
    44.500       1.62044422  -7.62325087e-03
    45.000       1.62418212  -7.32999626e-03
    45.500       1.62777586  -7.04660198e-03
    46.000       1.63123033  -6.77285163e-03
    46.500       1.63455029  -6.50852361e-03
    47.000       1.63774039  -6.25339217e-03
    47.500       1.64080517  -6.00722852e-03
    48.000       1.64374907  -5.76980169e-03
    48.500       1.64657639  -5.54087946e-03
    49.000       1.64929133  -5.32022911e-03
    49.500       1.65189796  -5.10761813e-03
    50.000       1.65440025  -4.90281488e-03
    50.500       1.65680204  -4.70558919e-03
    51.000       1.65910706  -4.51571283e-03
    51.500       1.66131894  -4.33296004e-03
    52.000       1.66344117  -4.15710790e-03
    52.500       1.66547716  -3.98793668e-03
    53.000       1.66743019  -3.82523020e-03
    53.500       1.66930343  -3.66877609e-03
    54.000       1.67109997  -3.51836600e-03
    54.500       1.67282277  -3.37379583e-03
    55.000       1.67447471  -3.23486589e-03
    55.500       1.67605854  -3.10138102e-03
    56.000       1.67757696  -2.97315070e-03
    56.500       1.67903254  -2.84998915e-03
    57.000       1.68042777  -2.73171539e-03
    57.500       1.68176504  -2.61815323e-03
    58.000       1.68304668  -2.50913137e-03
    58.500       1.68427490  -2.40448331e-03
    59.000       1.68545186  -2.30404742e-03
    59.500       1.68657962  -2.20766686e-03
    60.000       1.68766018  -2.11518955e-03
    60.500       1.68869544  -2.02646815e-03
    61.000       1.68968725  -1.94135994e-03
    61.500       1.69063738  -1.85972684e-03
    62.000       1.69154753  -1.78143523e-03
    62.500       1.69241935  -1.70635598e-03
    63.000       1.69325440  -1.63436426e-03
    63.500       1.69405421  -1.56533953e-03
    64.000       1.69482022  -1.49916540e-03
    64.500       1.69555383  -1.43572956e-03
    65.000       1.69625639  -1.37492365e-03
    65.500       1.69692917  -1.31664320e-03
    66.000       1.69757343  -1.26078749e-03
    66.500       1.69819035  -1.20725947e-03
    67.000       1.69878106  -1.15596565e-03
    67.500       1.69934667  -1.10681601e-03
    68.000       1.69988822  -1.05972386e-03
    68.500       1.70040673  -1.01460579e-03
    69.000       1.70090315  -9.71381522e-04
    69.500       1.70137841  -9.29973853e-04
    70.000       1.70183341  -8.90308520e-04
    70.500       1.70226900  -8.52314126e-04
    71.000       1.70268599  -8.15922036e-04
    71.500       1.70308517  -7.81066285e-04
    72.000       1.70346730  -7.47683492e-04
    72.500       1.70383309  -7.15712761e-04
    73.000       1.70418324  -6.85095604e-04
    73.500       1.70451841  -6.55775847e-04
    74.000       1.70483922  -6.27699554e-04
    74.500       1.70514630  -6.00814942e-04
    75.000       1.70544023  -5.75072306e-04
    75.500       1.70572156  -5.50423937e-04
    76.000       1.70599083  -5.26824055e-04
    76.500       1.70624855  -5.04228731e-04
    77.000       1.70649522  -4.82595821e-04
    77.500       1.70673130  -4.61884896e-04
    78.000       1.70695725  -4.42057178e-04
    78.500       1.70717350  -4.23075478e-04
    79.000       1.70738046  -4.04904130e-04
    79.500       1.70757853  -3.87508936e-04
    80.000       1.70776809  -3.70857110e-04
    80.500       1.70794951  -3.54917216e-04
    81.000       1.70812312  -3.39659124e-04
    81.500       1.70828927  -3.25053948e-04
    82.000       1.70844828  -3.11074007e-04
    82.500       1.70860045  -2.97692769e-04
    83.000       1.70874607  -2.84884809e-04
    83.500       1.70888542  -2.72625763e-04
    84.000       1.70901878  -2.60892288e-04
    84.500       1.70914640  -2.49662015e-04
    85.000       1.70926853  -2.38913516e-04
    85.500       1.70938539  -2.28626261e-04
    86.000       1.70949722  -2.18780584e-04
    86.500       1.70960424  -2.09357646e-04
    87.000       1.70970665  -2.00339403e-04
    87.500       1.70980465  -1.91708572e-04
    88.000       1.70989842  -1.83448599e-04
    88.500       1.70998815  -1.75543629e-04
    89.000       1.71007402  -1.67978482e-04
    89.500       1.71015619  -1.60738615e-04
    90.000       1.71023481  -1.53810107e-04
    90.500       1.71031005  -1.47179624e-04
    91.000       1.71038204  -1.40834399e-04
    91.500       1.71045093  -1.34762208e-04
    92.000       1.71051684  -1.28951347e-04
    92.500       1.71057992  -1.23390609e-04
    93.000       1.71064027  -1.18069264e-04
    93.500       1.71069803  -1.12977041e-04
    94.000       1.71075329  -1.08104105e-04
    94.500       1.71080617  -1.03441041e-04
    95.000       1.71085676  -9.89788372e-05
    95.500       1.71090518  -9.47088642e-05
    96.000       1.71095150  -9.06228629e-05
    96.500       1.71099583  -8.67129268e-05
    97.000       1.71103824  -8.29714875e-05
    97.500       1.71107883  -7.93913005e-05
    98.000       1.71111766  -7.59654313e-05
    98.500       1.71115482  -7.26872423e-05
    99.000       1.71119037  -6.95503802e-05
    99.500       1.71122439  -6.65487640e-05
   100.000       1.71125694  -6.36765733e-05

================================================================================
ASYMPTOTICKÉ CHOVÁNÍ (vypocet.txt řádek 273):
================================================================================
  t → ∞: a(t) → a₁* = 0.106204
  a(t_max=100.0) = 1.711257
  Relativní chyba: 1511.30%

